-0.000
-0.000
-0.014
-0.069
-0.135
-0.132
-0.117
-0.180
-0.190
-0.109
-0.138
-0.198
-0.130
-0.111
-0.163
-0.129
-0.081
-0.133
-0.147
-0.085
-0.121
-0.166
-0.097
-0.096
-0.168
-0.113
-0.071
-0.160
-0.146
-0.048
-0.083
-0.111
0.011
0.050
0.017
0.087
0.099
0.033
0.055
0.117
0.075
0.000
-0.006
-0.016
-0.039
-0.001
0.001
-0.116
-0.157
-0.097
-0.165
-0.223
-0.136
-0.139
-0.194
-0.138
-0.107
-0.167
-0.157
-0.150
-0.253
-0.218
0.124
6.331
1.386
2.338
2.706
2.145
1.097
0.199
-0.470
-0.912
-0.882
-0.760
-0.715
-0.515
-0.310
-0.217
-0.109
0.0172
0.009
-0.027
0.059
0.051
-0.013
0.060
0.092
0.026
0.048
0.116
0.068
0.016
0.077
0.090
0.046
0.092
0.136
0.109
0.137
0.200
0.194
0.193
0.287
0.344
0.352
0.454
0.543
0.520
0.584
0.701
0.668
0.647
0.718
0.701
0.630
0.643
0.649
0.532
0.459
0.447
0.315
0.225
0.246
0.162
0.066
0.089
0.051
-0.039
-0.033
0.009
-0.042
-0.087
-0.023
-0.041
-0.117
-0.048
0.0245
-0.032
-0.014
0.061
0.008
-0.007
0.065
0.028
-0.021
0.046
0.081
0.001
0.047
0.092
0.044
0.032
0.101
0.070
0.005
0.068
0.099
-0.014
-0.023
0.051
-0.014
-0.062
-0.001
-0.036
-0.114
-0.063
-0.045
-0.115
-0.092
-0.030
-0.079
-0.110
-0.034
-0.049
-0.111
-0.054
-0.044
-0.119
-0.102
-0.050
-0.092
-0.120
-0.054
-0.057
-0.127
-0.077
-0.023
-0.073
-0.033
0.058
0.044
0.050
0.109
0.080
0.006
0.067
0.107
-0.0174
-0.057
0.0207 
-0.006
-0.042  
0.0149  
-0.073 
-0.188
-0.115 
-0.131
-0.238
-0.175 
-0.119 
-0.193
-0.191
-0.125
-0.163
-0.232 
-0.236
-0.248
-0.223
0.078
0.724
1.516
2.326
2.665
2.078
0.958
0.095
-0.527
-0.934
-0.880
-0.727
-0.667
-0.514
-0.270
-0.126
-0.105
-0.030
0.002
-0.054
-0.000
0.006  
0.018
0.003 
0.068
0.040
-0.010
0.0645
0.083   
0.013
0.063   
0.132
0.073
0.079
0.190 
0.168
0.121
0.228
0.282
0.250
0.344
0.442
0.401
0.440
0.566
0.586 
0.608  
0.717
0.743
0.679   
0.711
0.760 
0.691  
0.646
0.670
0.576 
0.462  
0.449 
0.372  
0.261  
0.248   
0.220
0.113 
0.077 
0.118 
0.063 
0.001
0.038 
0.013
-0.060
-0.022
0.042 
-0.016
-0.031   
0.052   
0.007 
-0.046  
0.054   
0.078 
0.017   
0.068
0.121
0.063
0.052  
0.113