13461
8708
10547
12478
7954
13769
9901
10458
13424
7205
12547
9962
8687
13425
7242
11562
10255
7154
13059
7369
10531
11233
6674
12567
7758
9903
12674
7421
13597
10057
9685
13990
8285
13138
11541
9433
14774
9281
12416
12597
8855
14314
9739
11632
13362
8523
14192
10543
10597
14136
8920
14098
12083
10788
15268
9601
13567
12809
10136
15420
10144
13270
13884
9279
15161
10180
11423
14426
8417
14096
11288
10211
14751
9455
13753
12176
10191
15471
10044
13746
13872
9908
15305
10132
12254
14318
9394
15513
12104
12516
16990
12257
17088
14961
13025
15747
9423
13150
11691
9042
14693
9291
11885
13017
8445
13923
10059
10951
14004
9247
14354
11192
10403
14255
8433
12998
11459
9182
14220
8613
11981
12213
8558
14326
9373
10976
13068
8076
14008
10841
10842
14607
8870
13764
11775
9893
15029
9295
13356
13566
9784
15560
10797
12757
14293
10042
15533
11619
12516
15097
10144
14967
11741
11589
15455
9978
14660
12820
10647
15744
10348
13727
13839
9956
15009
10455
12308
13713
9205
14566
10618
10913
14229
8724
13763
11499
9678
14530
8844
12500
12234
8799
14303
9744
12101
13619
9106
13978
10142
11019
13904
9151
13777
10933
10296
13699
8623
13385
11499
9598
14970
9514
13119
13473
9491
14837
10247
11927
14011
9784
15100
10966
10611
13965
8189
13029
11818
9585
14097
9110
12321
12317
9517
14633
9995
12172
13194
9515
14655
10519
12297
14812
9643
15555
12265
11454
16168
10423
15683
13986
11025
16925
10479
13962
15087
10975
17202
12374
13294
15294
10502
15764
12759
12865
15957
10672
15043
13126
11529
15906
10969
14587
14064
10958
16170
11049
13241
14810
10567
15897
11606
12540
15482
9820
15290
12857
11302
15437
10352
14403
13327
10981
15790
10794
13300
13786
10497
15329
11200
12641
14463
9944
14723
11616
11476
14490
9230
13915
11919
10090
14712
9508
13368
13355
9871
14837
10137
12167
13540
9363
15065
11517
12305
16138
11664
16545
14786
14658
18540
12701
15904
13502
9610
13901
9164
11813
12269
8442
13424
9162
10447
12778
8516
13550
10538
10333
13539
8860
13311
11713
10467
14529
9706
12928
12333
9635
14241
10019
12126
12944
9338
14093
10245
11325
13864
8880
13595
11253
10463
14484
9831
13920
12642
10289
15274
10364
13075
13943
10132
15229
11193
12317
14474
9912
14774
11532
11374
14714
9622
14151
12376
10462
14685
9740
13001
13034
10116
14946
10308
11825
13381
8961
13591
10552
10861
13313
8459
12672
10556
9426
12783
8758
12218
10619
9342
13685
8568
11672
12038
8462
13469
9442
11122
13215
8418
13452
10675
9973
13592
9059
12980
11933
10136
14109
9875
12860
12748
10285
14830
10262
12610
14243
10184
15114
11949
12336
14976
10436
14889
12944
11629
15248
10855
13902
12683
10941
15295
10607
13009
13438
10548
14984
11239
12734
14297
9989
14762
12380
11851
15335
10787
14005
12742
11140
14988
10707
14128
13738
10414
15425
11377
12925
14723
10767
14992
11670
11615
14641
10328
14220
12330
11092
14715
9728
13187
12741
9798
14519
10445
12376
13442
9818
14161
10725
11367
13485
9419
13825
11748
10941
13956
9904
13064
11540
10379
13990
9082
12459
12459
9312
13714
9582
11258
12425
8734
13087
10151
10356
12797
8941
12656
10697
9576
13437
8594
11349
11379
8323
12502
8272
10297
11459
7672
13068
9490
10089
13083
8685
13375
11032
10131
13703
9349
13298
12556
10991
15333
11668
15210
16233
13994
18433
14038
14299
14305
9680
13288
9984
10334
12566
8434
12565
10096
9244
12854
8042
11739
11226
8431
12741
8579
10422
11191
7812
12305
8941
9898
11782
7718
12379
9589
9521
12918
8191
12742
11299
9588
14104
9519
12974
13460
10400
15307
11694
13102
15343
12000
15948
13482
13860
16375
12269
15956
14467
13300
16777
13301
16073
15005
12830
16685
12433
14716
15746
11880
16339
13082
13434
15853
11683
15509
13281
12445
15600
11587
14748
13433
11700
14945
10152
12918
13249
10011
14448
11003
12098
13387
9554
13649
10830
11318
14089
9882
13788
11400
10217
14202
9528
12761
12399
9621
13578
9366
11736
12708
8893
13522
9889
10278
12573
8290
12848
10323
9310
12856
8119
11624
10816
8806
12436
8117
10901
10850
7605
12057
8111
9021
11058
7291
11058
8470
8484
10871
6514
10855
9062
7324
11240
6493
9048
8806
6232
10392
6318
8339
9048
5068
10061
6719
7331
10141
5949
10153
7554
6882
10090
5435
9658
8639
6392
10659
6178
8678
8917
5716
10221
6128
7671
9429
5367
10057
7261
7456
10300
6219
10370
8321
7212
11115
6407
9580
9656
6882
11027
7499
9175
9783
6567
10584
7240
8246
10246
6492
10373
8198
7949
10704
6731
10036
9009
7445
10999
7457
10099
10003
7448
11375
7379
9045
10461
6859
11332
8484
8685
11507
7032
10468
9383
7855
11034
7537
9684
8853
7281
10731
6712
9355
9569
6140
10803
7295
8193
10366
6251
10303
8419
8022
10805
6951
10402
9030
7922
12156
8346
12062
13307
10625
15208
11602
11788
12507
7746
10669
7730
7675
10059
5864
9833
7452
5931
10598
6056
9059
9493
6462
10378
6471
8032
9401
5909
10217
7544
8102
10382
6432
10654
8710
7620
10688
6742
10341
9664
8017
12299
8310
10300
10995
8290
12304
9644
10961
12334
9166
12642
10016
10433
12793
8801
12461
11111
9479
12858
9111
11421
11183
8802
12367
9056
11052
12168
8820
12820
10008
9875
12298
8940
12138
10201
9377
11824
7878
11064
10116
8414
11910
8062
10151
10404
7791
11418
8266
9787
11039
7511
11277
8354
8408
10909
6806
10502
8992
7298
10860
7203
9464
9426
7233
10787
7307
8725
9959
6781
10561
8002
8220
10071
5937
10225
8786
7582
11115
6967
9474
8685
7032
10846
6605
8791
9388
6448
10552
7482
8682
10111
6062
10103
7809
7324
10317
6376
9356
8340
6672
9867
6504
8839
8686
6466
10140
6487
7856
9189
5509
9372
7112
6948
9346
5608
9013
7755
6172
9069
5758
8139
7861
6451
9465
5881
8134
8487
5538
9139
6403
7526
8754
5637
9338
6425
6386
9301
4971
8449
7807
5886
9425
5776
8159
8356
5735
9698
6296
7611
8743
5759
9325
6462
7163
8710
5200
9091
6931
6298
9314
5580
8292
7735
6234
9135
5864
8259
8087
5734
9474
5963
7477
8676
5159
8999
5938
5799
8222
4340
8178
6723
5222
8748
4829
6889
6997
4946
8426
5592
7460
8277
5340
9179
6841
7692
10412
7479
11137
9289
7479
9257
4852
7131
6238
4371
7743
4162
6251
6613
4164
8092
5016
6430
8254
5232
9136
7045
6907
9183
5317
8612
7930
6569
9858
6293
8228
8206
6105
9755
6529
8213
9094
5850
9905
7431
7948
9799
6456
10011
8043
7648
10372
6830
9871
8951
7358
10529
6486
8488
8908
6097
9935
6980
8109
9585
5905
9480
7157
6832
9368
5766
8867
7763
6464
9433
5675
7941
7560
5237
8815
5680
7543
8102
5020
8954
5738
6199
8575
5104
8777
7039
6238
9138
5102
8080
7789
5809
9298
5745
8038
8496
5601
9585
6103
7534
9442
5781
10010
7621
7279
10214
6426
9582
8398
6658
9768
6533
9016
9055
6977
10237
6612
8215
9484
6366
9930
7431
7483
9349
6522
9622
7599
7379
9552
6028
9451
8462
7055
10274
6648
9169
9596
7147
11043
7473
8141
9999
6557
10153
8147
7774
10044
6170
9339
8529
6998
9955
6725
8397
7959
6198
9297
6043
7828
8952
5853
9265
6992
7072
8829
5836
9217
7318
6662
9701
5909
8787
8192
6162
9703
6117
8329
9161
6298
9777
6601
7464
8989
5462
8639
6450
6154
8202
5244
8512
6901
5968
8565
5072
7847
7366
5887
9391
5730
7387
8388
5408
9253
7174
7312
9694
7047
10588
9735
9905
12564
8572
11421
9891
7043
10209
6218
7624
8411
6014
9565
6917
7791
9287
6094
9663
7570
7248
9670
6228
9446
7860
6786
10105
6512
9169
8924
7070
10352
6670
8459
9266
5778
9792
7704
7547
9677
6479
9732
8180
7194
10305
6784
9214
9050
7361
10213
7218
9225
9004
7030
10267
6776
8590
9448
6145
10142
7574
7669
9711
5931
9322
7605
6525
10033
6099
8311
8623
6277
9299
6676
7804
8325
5784
9278
6897
7249
9019
5484
8587
6830
6325
9254
5497
8142
7393
5916
9136
5575
7990
8436
5498
9231
6487
7119
8543
5209
8452
6191
6050
8725
5620
8542
6962
6140
9081
5155
7979
7984
5342
8911
6202
7335
8348
6021
9289
6358
6832
8826
5602
9101
7240
6488
9237
5541
8575
8156
6058
9274
5681
7419
8284
5419
9033
6553
7159
8592
5675
8873
6601
6894
9120
5791
8891
7353
6272
9023
5724
8296
8203
6156
9263
6153
7567
8613
5674
9307
7001
6800
9057
5975
8795
7308
6704
9218
5650
8511
7946
6210
9115
5889
7758
7807
5490
8587
5713
6867
8048
4983
8068
5824
6004
8339
4992
8251
7037
5726
8803
5332
7822
8049
5673
9440
6984
8513
10574
8441
12222
10364
10279
11363
7223
9260
6716
5961
8460
4541
7446
6762
4807
7970
4609
6743
7158
4776
8137
5043
6588
7819
4634
8201
5761
5770
7914
4932
8207
6844
6030
8823
5291
7530
7273
5508
8820
5966
7357
8195
5936
8657
6231
7174
8398
5557
9057
7394
6882
9227
6264
8651
7662
6626
9729
6608
8467
9027
6515
9292
6936
7759
8997
6022
9181
7472
6666
9016
6176
8346
7508
6258
8900
5921
7829
7895
5662
8545
5777
6826
7767
5381
8441
6150
6388
7952
5042
7971
6581
5969
8336
5047
7382
6919
5132
8012
5104
6953
7911
5354
8259
5815
6337
7922
5064
8245
6457
5714
8291
5431
8011
7278
5918
8620
5422
6990
7299
5730
8462
5733
7171
7994
5129
8403
6456
6304
8195
5274
7993
6592
5832
8459
4949
7619
7118
4897
8556
5138
6670
7748
4554
8077
5644
5682
7495
4587
7661
5887
5665
8102
4420
7268
6485
4872
8020
5123
7039
6744
4973
8133
4716
6250
7186
4071
7438
5031
5293
7443
3932
7301
6357
4708
7539
4834
6445
6235
4867
7551
4830
6228
6674
4083
7087
4496
4692
6512
3176
5999
4564
3977
6596
3309
5995
5252
3435
6631
3569
5154
5363
3345
6429
3876
5326
6204
3990
8035
6415
7344
10104
7077
9534
7839
5554
6955
3152
4799
4313
2389
5598
2513
3937
4739
1968
5070
2678
3510
4979
1881
5019
3401
3312
5354
2458
5455
3796
2805
6444
2810
5060
5546
2651
6044
3404
4362
5872
2839
5811
3879
4044
5987
3209
6481
4896
4125
6817
3177
5732
5583
3688
6982
4199
5198
5677
3619
6266
4058
5027
5675
3006
6114
4031
4213
6538
3024
5891
5132
3482
6488
3336
4864
5219
3246
6372
3831
4207
4884
2487
5350
3736
4321
5859
2499
5248
4047
3033
5925
3024
4881
4535
2832
5933
3300
4758
5763
3117
5722
3468
3888
5950
3237
5757
4449
3643
5478
2989
5569
4661
3817
6212
3029
5587
5358
3461
7161
3819
4846
6217
3272
6561
4733
4594
6425
3577
5939
4710
4532
6985
3785
6230
5916
3975
7129
4369
5791
6580
3788
7011
4659
5205
6980
3895
7064
5493
5035
7467
4363
6715
5907
4487
7495
4363
5684
6636
4421
7119
5230
5373
5965
4311
7049
4963
5921
7197
3787
7082
5520
4709
7601
4283
6491
6266
4441
7098
4460
5808
6363
4306
7072
5195
5650
6708
4277
6949
5100
4804
7179
4058
6632
5941
4852
7718
4189
6370
6555
4267
7663
4954
6330
7193
4054
7342
5262
5341
7487
4436
6884
5937
5201
7539
4502
6463
6254
4722
7830
5251
6656
7366
4887
7827
5447
5561
7281
4585
6975
5894
5615
7244
3977
6209
5577
4243
7017
4421
5909
5802
4248
7225
4308
5841
6669
3811
7358
5174
5517
7785
5499
9241
8711
8933
11504
8265
10197
8558
5704
7775
4035
4980
5755
3442
6534
4184
4585
6164
3116
5893
4727
4327
6371
3968
6453
5116
4294
7310
4157
6212
6435
4195
6976
4651
6258
7176
4487
7605
5162
5314
7456
4682
7771
6443
5726
8322
5366
7809
7409
6071
8800
5812
7876
8423
6134
9344
6855
7466
8618
5867
8609
6674
6834
9217
6414
8583
7665
6879
8770
6184
8445
7874
6439
9066
6228
7401
8135
6169
8613
6591
6674
7663
5383
7926
6789
6480
8204
5342
7255
6344
5811
8452
5235
7278
7393
5105
8057
5814
6726
7864
5364
8166
6503
6220
8064
5703
8110
6852
6200
9131
6174
7771
8228
6346
8491
6392
7564
8050
6101
9160
6794
7093
8706
5955
8874
7225
6771
9181
5829
8185
7721
6181
8982
6223
8035
8428
5979
8887
6576
6827
8197
6103
8664
7074
6791
8758
6142
8136
7599
6309
8547
6348
7724
7707
6050
8839
6649
7585
8747
6094
8594
6809
6653
8676
6273
8672
7402
6551
8501
5686
7865
7023
5712
8335
5489
7384
7636
5441
8125
5625
6739
7971
5344
8489
6795
5992
7617
5351
7554
6268
5948
8245
5043
6943
6914
5193
7725
5544
6756
7329
5031
7887
6144
6195
7736
5332
7636
6133
5778
7919
5221
7719
7046
5645
8143
5244
6962
7440
5331
8154
5616
6405
7866
4953
8027
6532
5788
7779
5159
7400
6421
5743
8021
4823
6423
6224
4526
7143
5011
6232
6713
4404
7318
5296
5389
7057
4164
6536
5213
4606
7397
4871
6916
6627
5180
8017
5762
7901
9761
8242
11241
9368
9193
9085
5628
7493
4866
4457
6460
3202
5761
5076
3512
6229
3583
5064
5553
3799
6450
4257
4746
5557
3746
6290
4755
5233
6418
3507
5869
4797
4068
6674
4366
6078
5760
4365
6822
4289
6177
7113
4963
7776
5455
6077
7137
4435
7810
6142
5661
8153
5470
7384
6649
6116
8276
5606
7798
7360
5348
8253
5923
6505
7398
5327
7622
5893
6365
7880
5124
7865
6383
5370
7915
4759
6949
6849
4717
7371
5248
6455
6955
5077
7473
5156
5672
6871
4361
6870
5721
5370
7285
5185
6916
5813
5056
7116
4212
6587
6974
4766
7593
4955
5757
6717
3911
7241
5827
5402
7225
5041
6773
5241
5231
7194
4235
6608
6145
4769
7069
4358
6102
6056
4318
7079
4411
5636
6438
4254
7070
4884
5504
7049
4073
6722
5634
4740
7124
4730
6439
5871
4109
6799
4272
5353
6578
4491
6757
4957
5128
6203
4302
6795
5084
5149
7155
3826
6232
6221
4694
7399
5152
6290
6497
4232
6971
5287
6084
7352
4959
7481
5210
5064
7372
4620
7007
6025
5336
7299
4658
6866
6273
5037
7262
4385
6175
6600
4276
7361
5183
5248
7129
4600
6880
5934
4912
6850
4605
6341
6113
5085
7362
4862
6309
6176
4336
7436
5053
6219
7395
4657
7182
5110
5213
7528
4946
7144
6427
5175
7039
4818
6602
6395
4790
7387
4964
5585
6391
4170
6568
5224
5480
6884
4754
6871
5621
5450
7460
5151
7720
7321
6218
9189
7260
9313
10454
8881
11359
8787
8065
8276
5330
6803
5230
5229
6973
4544
6563
5595
4913
6879
4065
6349
6117
4443
7465
5487
6376
6676
4986
7468
5184
5984
7652
5148
7675
6498
5902
7475
4991
7309
6516
5719
8537
5768
7505
7784
5858
8686
6148
7145
8377
5938
9131
7671
7558
9292
6417
8670
7824
6872
9188
6868
8541
8348
7098
9384
7095
8317
8665
6843
9297
7445
7949
9004
6787
9107
7481
7474
9521
6680
9244
8687
7399
9969
7393
9023
9253
7377
10077
8334
9254
10349
8262
10619
9043
9171
11394
9162
11274
10564
9704
11535
8640
10612
10348
8535
11128
8664
9969
10360
8513
11616
9020
9462
10805
7835
10602
9149
8596
10984
8084
10017
9953
8623
10789
8359
9745
10090
8285
10834
8691
9030
10032
7801
10111
8754
8707
10115
7495
9742
8970
8110
10309
7774
9271
8915
7429
10060
7802
8885
9169
7307
10073
7475
8238
9762
6685
9346
7955
7600
9648
6579
8992
8893
7372
9968
7652
8652
8836
6897
9715
7648
8308
9392
6722
9226
7557
7778
9554
6915
9487
7947
6838
9425
6819
8473
8780
7394
9503
7599
8726
8842
7089
9461
7228
7877
8810
6702
9478
7710
8009
9768
6655
9233
8250
6967
9748
7234
8874
9225
7358
9699
7573
8527
9287
7198
9893
8299
8552
9959
7366
9747
8335
7373
9788
6898
8393
8383
6907
9271
6770
7947
8283
6138
9043
6925
6975
8516
6023
8155
7526
6898
8462
6226
7862
7652
7056
9988
8420
10679
11650
10078
13081
10506
10096
10350
6532
7783
6040
5639
6966
4812
6784
5310
5043
7206
4560
6706
6158
4788
7185
4748
6523
6805
4685
7527
5176
5503
6748
4436
7049
5543
5549
7208
4499
6782
5907
5274
7648
5237
6993
6720
5091
7626
5338
6385
7395
5140
7588
6053
5866
7401
5177
7533
6621
5783
8131
5095
6747
7172
5116
7834
5853
6216
6982
5012
7305
5926
6293
7331
5228
7493
6181
5920
7596
5199
7039
6307
5267
7267
5081
6434
6453
5069
6995
5006
6248
6891
4781
7112
5681
5556
6886
5255
7115
5675
5262
6771
4445
6732
6373
4980
7285
5006
5706
6380
4761
6759
5134
5526
6660
4662
7028
5762
5411
7158
4550
6587
6116
4896
6759
4779
6403
6082
5016
7085
4466
5720
6142
4117
6831
5212
5378
6676
4382
6502
5303
4787
6984
4404
5967
5654
4349
6655
4473
6065
6279
4318
7098
4509
5041
6700
4096
6803
5744
5360
6925
4203
6635
5598
4605
7369
4477
6116
6244
4122
6840
4809
5206
6219
4390
6484
4762
5308
6861
4238
6678
5506
4492
6754
4402
6178
6187
4542
6660
4635
5619
6208
4299
6659
4812
4851
6007
4054
6530
5346
5029
6950
4300
5750
5712
4488
6391
4972
6349
6302
4664
7046
4742
5296
6580
4114
6461
4943
4794
6400
3514
5879
4788
3860
6528
3452
5208
5493
3571
6179
4331
5325
5565
3576
6160
4133
4736
6582
4736
7879
7661
7968
10390
7958
9727
8456
5884
7229
3750
4419
4972
3172
5486
3624
4095
4909
2968
5167
3509
3787
5221
2905
5424
4180
3484
5655
3006
5329
5291
3305
5658
3482
4275
5169
4004
6053
3957
4666
5547
3366
6077
4581
4234
6292
3683
5893
5744
4519
6855
4646
5927
5889
4280
6651
4423
5413
6121
4276
6537
4474
5156
6434
4009
6158
4854
4610
6126
4259
6565
5507
4698
7045
4345
5813
6070
4128
6506
4411
5056
6245
4046
6288
4840
4659
6131
3808
5998
4923
3954
6470
3952
5346
5804
4302
6412
4404
5264
5790
3798
6403
4696
4859
6323
3343
5578
4650
3619
6056
3671
5218
5309
3827
5859
3854
4804
5021
3581
6316
4452
4774
5997
3566
5513
4576
4318
5583
3460
5274
4524
3997
5578
3339
5011
4586
3438
5703
3652
4889
4975
3016
5657
3700
4003
5442
3200
5193
4066
3871
5482
2979
4976
4382
3189
5488
3129
4824
4920
2785
5684
3380
3734
5160
2781
5044
4049
3680
5068
3143
4920
4316
3750
5240
3023
4541
4216
2922
5277
3276
4617
5499
3157
5510
3752
3422
5306
3357
5339
4571
3691
5430
3001
4531
4683
3020
4809
3000
3820
4125
2700
5046
3103
3461
4668
2444
4406
3624
3415
4834
2850
4486
3608
2773
4961
3056
4903
5437
4357
7104
5604
6820
7711
5329
6712
4358
3574
4061
1722
3531
2345
2148
3654
1216
3253
2794
1752
4034
1929
2892
3076
1870
3971
2190
3205
3793
1665
4132
2582
2426
4338
1864
3793
3212
2178
4340
1803
3550
3808
1989
4405
2560
3404
3868
2269
4714
2737
2965
4488
2127
4014
3238
2862
4455
2077
4044
3499
2195
4787
2540
3621
4024
2249
4748
3114
3879
4802
2408
4487
3125
3015
4728
3100
5016
3869
3109
4682
2422
4013
3706
2754
4737
2439
4146
4216
2270
5157
2756
3359
4824
2179
4691
3380
2858
4707
1968
3775
3457
1931
4147
2346
3070
3337
2167
4072
2242
3042
3538
1393
3990
2704
2584
4514
2097
3652
3099
2572
4706
2448
4180
3998
2264
4596
2458
3471
4121
2195
4584
3054
3436
4657
2422
4209
3068
2880
4692
2697
4511
4165
3006
4515
2880
4424
4093
3082
5513
3169
3879
4924
2792
4573
3494
3615
5054
3066
5054
4611
3670
5106
3227
4909
4512
3491
5695
3221
4333
4998
3028
5144
3268
3572
4760
2447
4537
3721
3076
4277
2640
4529
3652
3257
5289
2657
4298
4621
3326
6032
4610
5974
7015
5320
7774
5977
5283
5986
2954
4172
3001
1895
3749
1624
3355
3160
1685
4266
1868
2891
3936
1965
4149
2450
2797
3726
1750
4281
3253
3016
4496
1989
3657
3341
2467
4520
2756
3955
3692
2372
4893
2757
3286
4381
2519
4611
3293
3648
4688
2367
4773
3536
3090
5299
2689
4344
4006
2419
4835
2860
3792
4644
2851
4907
3283
3391
4709
2493
4458
3842
2955
4478
2621
4109
3747
2585
4925
2735
3299
3845
2043
4043
2465
3104
4208
2295
4312
2903
2808
3815
1742
3876
3088
2773
4552
2326
3709
3455
2161
4317
2463
2955
4099
2728
4258
3215
3669
4220
2332
4663
3237
2807
4828
2647
4367
4205
3561
5324
3288
4431
4481
3374
5226
3766
4520
4756
3523
6014
4245
4264
5498
3301
5180
4147
4178
6180
3614
5701
5901
4422
6440
4585
5481
5736
4131
6590
4823
4880
5885
3574
5516
4626
4092
5741
3856
5156
4648
3904
5739
3600
4784
5066
3450
5692
4009
4132
5173
3225
5372
4914
4783
6610
5250
7384
7430
6947
8795
6439
6300
5465
3795
4684
3101
4229
4114
2706
4867
2984
3543
4438
2272
4453
2960
2868
4880
2888
4873
4450
3649
5240
3366
4705
4650
3586
5625
4224
4950
5461
3966
5894
4348
4551
6082
4131
6277
5400
4698
6790
4654
6265
6178
5098
7019
5066
6484
6653
5069
7416
5375
5695
6926
4798
6818
6014
5498
6890
4958
6531
5930
5003
7155
5129
6141
6197
4461
6487
4808
5496
6161
4370
6521
5177
5034
6229
4605
5859
5297
5256
6053
4498
5772
5031
4332
5898
4401
5691
5641
4169
6139
4113
4483
5745
4025
5936
4746
4832
6116
4018
6342
5650
4645
6493
4249
5637
5635
4381
6404
4221
5028
5555
4087
6684
5076
5094
6155
4171
5913
5026
4985
6185
4294
5940
5313
4674
6374
4533
6004
6232
4815
6796
5187
5623
6033
4515
6706
4885
5076
6595
4224
6267
5587
4997
6935
4848
6580
6261
4891
7279
5368
6241
6810
4784
6591
5222
5263
6144
4316
6276
5103
4829
6428
4029
5751
5094
4139
6502
4347
5734
6054
4060
6580
5336
5761
7011
5620
8224
7965
8911
10556
8082
8861
6678
5128
6005
3776
5420
4639
3391
5668
3473
4467
5350
3443
5541
4016
3999
5584
3369
5375
4838
3646
5254
3489
5125
4809
4074
6186
3582
4724
5057
3642
5919
4509
5423
5578
3945
6205
4292
4714
6416
4265
6273
5734
5077
6672
4981
6210
5932
5253
6930
5285
6467
6387
4786
7114
5403
5740
7240
5179
7021
6115
5624
7102
5060
7112
6600
5272
7512
5106
6004
6607
4718
6887
5250
5503
6829
4592
6412
5744
4890
6225
4608
6230
5740
4984
7079
4484
5448
6055
4363
6622
5101
5672
6428
4308
6433
5043
4848
6140
4220
6151
4854
4515
6603
4089
6032
5780
4285
6286
3765
5163
5729
3975
6795
5024
5256
6204
4068
6073
4693
4561
5999
4135
5940
5096
4530
6086
3913
5086
4974
3893
5845
4043
4859
5767
4091
5991
4729
4771
5325
3335
5703
4448
4370
6290
3754
5132
4454
3391
5470
3608
4801
5050
3315
5376
3946
4419
5402
3672
5342
3701
3847
5455
3051
5160
4839
3896
5605
3544
4858
4481
3097
5763
3972
4222
4931
3235
4601
3228
4098
4889
2604
4731
3142
2415
4459
2301
3770
3807
2802
4327
2771
3829
3584
2282
4210
2510
3670
5259
3977
6715
6036
6204
8281
6318
7860
6476
4148
5052
1845
2376
2657
1124
3426
1828
2160
2931
829
2777
1828
1790
3290
1214
2843
2223
1219
2909
1158
2545
2848
1850
3524
1734
2285
2537
976
3148
1872
2026
3427
1466
3111
2589
2246
3492
1879
3204
2296
2224
3765
1578
3164
2921
1464
3365
1901
2628
3347
1588
3635
2860
2388
3953
2188
3280
2920
2203
3912
2283
3545
3052
1792
3991
1826
2992
3606
1724
3749
1832
2602
3785
1283
3693
2588
1797
3361
1353
3299
2757
1966
4148
1773
2865
3108
1675
3881
2261
2966
3529
1688
3733
2303
2764
4072
1905
3921
2937
2465
4200
2254
3817
3433
2341
4180
2375
3373
3805
2279
4209
2703
3064
4314
2430
4491
3575
2876
4712
2499
3749
3715
2690
4801
3111
3890
4229
3040
4704
3167
3807
4162
2579
4627
3633
3777
4538
2726
4480
3356
3033
4965
2811
4040
4110
3061
4782
3380
4455
4516
3054
5010
3288
4004
4967
2962
5075
3795
3538
5232
2996
4353
4079
3258
4990
3162
4703
4822
3052
5084
3325
3980
4650
3305
5343
3498
4015
4985
2868
5059
4095
3712
5285
3129
4712
4389
3344
5639
3433
4234
4828
3086
5197
3378
4117
5221
2793
5098
3902
3706
5105
2951
4955
4188
3492
5559
3552
4680
4557
3202
5099
3329
4198
5106
3441
5438
4204
3975
5088
3146
4679
4161
3517
5103
3647
4685
4586
3925
5154
3581
4781
4787
3472
5226
3770
4188
5071
3799
5544
4448
4622
5564
3419
5279
4438
3721
5094
3277
5194
4419
3470
5756
3171
3899
4473
2577
4555
3504
3567
4567
2969
4619
3753
3390
4609
2978
4577
4066
3774
5811
3775
5786
7277
6172
9041
8535
8251
8217
5645
6059
4040
3698
4577
2378
4091
2810
2059
4377
2100
3800
4042
2035
4199
2383
2983
3908
2398
4708
2767
3056
4685
2111
4388
3562
2728
4683
2565
4460
4363
2727
4866
2779
3478
4317
2958
5210
3608
4168
5059
3005
5363
4222
4100
5738
3654
4999
4498
3939
5615
4177
5388
4937
3902
5615
3842
4863
5290
3662
5397
4326
5100
5836
4113
6150
4610
4120
5944
4153
5650
5159
4622
5941
3824
5593
5137
3642
6028
4336
4881
5479
3911
5556
4212
4405
5585
3821
5267
4522
4246
5802
3716
5195
5216
3843
5845
4381
5135
5605
4045
5840
4089
4542
5807
3742
5942
4551
3844
5703
3437
5457
5052
3639
5907
3697
4797
5661
3971
6080
4106
4181
5628
3881
5965
4871
4667
5912
3819
5722
5002
4416
6028
4178
5699
5402
4380
6128
4282
5347
5685
4250
6526
4954
4918
5902
4028
5650
5126
5154
6406
4753
6062
5215
4858
6762
4697
6358
6416
4521
6659
5084
5872
6711
5058
6916
5295
5623
6825
4673
6574
5533
4951
6736
4651
6168
6035
4355
6389
4829
5166
6201
4708
6181
5132
5096
6054
4328
6160
5354
4793
6424
4406
5679
5414
4244
6077
4383
5156
5593
3900
5645
4605
5237
6262
4467
6084
4917
4717
6048
4519
6071
5207
4756
6210
4422
5956
5830
4637
6264
4747
5947
6384
4845
6888
5317
5329
6221
4331
5962
4874
4625
6037
4136
5685
5283
4300
5744
3835
4899
5405
3999
5752
4510
4784
5594
3852
5866
5014
4823
6711
5154
7283
7558
7225
9190
7841
8457
7336
5891
6544
3722
4338
4588
2771
4858
3650
3617
4888
2916
4591
4008
3410
5020
3203
4616
4283
3250
5251
3543
4548
4952
3303
4776
3445
3953
5043
3911
5622
4694
4159
5088
3518
4837
4834
4302
5806
4341
5146
5170
3917
5877
4376
4660
5838
4064
5588
4770
4626
5998
4097
5564
4795
3942
5712
3982
5439
5178
3916
5627
3530
4594
5320
3641
5599
4129
4089
5131
3751
5424
4272
4526
5464
3126
5129
4343
3488
5535
3733
4779
4594
3264
5464
3944
4378
5069
3355
5141
3727
3866
5242
3198
4996
4080
3748
5714
3299
4889
4920
3126
5219
3945
4540
4876
3227
5199
3669
3764
5284
3629
5110
4286
3824
4978
3539
5057
4721
4018
5513
4070
4800
5088
4141
5343
4152
4849
5017
3415
5515
4185
4125
5467
3643
5381
3999
3449
5226
3072
4942
4948
3794
5480
3558
4068
4665
3564
5151
4467
4992
5284
3856
5368
4037
4288
5493
3609
5270
4776
4308
5790
4258
5587
5008
3975
6101
4027
5006
5510
3496
6000
4514
4330
5573
3700
5198
4102
4108
5633
3428
4954
4952
4105
5497
4008
5167
4827
3522
5407
3757
4442
5154
3659
5486
4027
4372
5506
3509
5424
4401
3913
5545
3465
4924
4918
3626
5362
3919
4450
5166
3949
5374
4258
4358
4997
3784
5487
4363
4343
5431
3602
5271
4814
4420
6065
4135
5217
5238
4057
5864
4396
4801
5558
3631
5073
4264
3609
5019
3515
4629
4497
3803
5269
3388
4357
4797
3397
4958
4037
4572
4659
3879
6077
4881
6161
7896
6854
9407
8563
8499
9126
5929
6917
5438
3825
5479
3403
4354
4425
3024
4969
3508
4034
4675
3127
4738
3302
3866
5166
3098
5147
4399
3772
5399
3558
5149
4982
3806
5766
4289
5127
5410
3997
5783
4140
4959
6371
4431
6164
5016
4403
5799
4011
5876
5906
4627
6293
4926
5527
5717
4837
6303
4701
5577
6337
4628
6337
5155
5068
6129
4485
6113
5159
5084
6568
4100
5896
5635
4395
6963
5447
6362
7056
5748
7699
6167
6795
7775
5480
7574
6910
6442
8220
6393
7246
6983
6057
7459
6322
7265
7028
6070
7570
5694
6680
7347
5673
7756
6322
6243
7439
5560
7226
6550
6265
7615
5358
6598
6430
5337
7149
5535
6422
6737
4864
6974
5794
5810
7072
5448
7085
5935
5554
7140
4982
6242
6033
5142
6446
4776
6350
6610
5406
7150
5295
5672
6552
5276
7321
6300
6186
7348
5357
6701
6303
5742
7155
5582
6563
6484
5626
6895
5380
6169
6490
5454
7249
6071
6452
7251
5824
7252
6239
6093
6987
5396
6835
6632
6165
7410
5830
6589
6704
6032
7637
6210
6650
6800
5298
7070
5992
6583
7545
5588
7330
5849
5655
7445
5281
7493
7191
6320
8433
6079
7126
7480
6092
8107
6784
7556
7963
6021
8228
6702
6355
7997
5725
7275
6884
6017
7910
6150
7317
7530
6316
8282
6808
7365
8087
6348
7941
7015
7258
8411
6488
7937
6969
5976
7564
5951
7240
7086
5942
7644
5522
6409
7262
5822
8012
6745
6939
7587
5907
7729
6414
6583
7489
5359
7132
6300
5742
7519
6235
8148
9191
8919
11059
10008
10218
9813
7196
7644
5604
4615
5509
4312
5487
4652
4307
5393
3130
4520
4775
3553
5160
3881
4548
4966
3846
5534
4425
4336
5110
3793
5285
4425
4436
5741
3238
4836
4651
3471
5432
3914
4944
4997
4162
6192
4458
5623
6286
4479
6808
5354
5500
7168
5131
6756
6094
5488
6611
4870
6532
5884
5081
6955
4678
5670
6261
4992
7207
5904
6152
7095
5399
7113
6249
6017
7499
5519
6742
6175
5107
6990
5022
6160
6589
4931
6811
5103
5647
6305
4337
6485
5319
5149
6271
4457
5834
4693
4608
6074
4239
5800
5165
4443
5949
3918
5299
5391
3610
5527
4070
4280
5550
4262
5631
4714
4288
5292
3832
4826
4697
4220
5142
3975
5099
5165
4339
5516
4019
4553
5081
4076
5881
4522
4235
5270
3414
5063
4662
3951
5752
4084
5168
5267
4680
6519
4585
5702
5989
4433
6445
5350
5912
6185
4664
6435
4733
4958
6419
4237
6179
5630
4585
6171
4719
6484
6088
5234
7598
5167
5855
6773
4802
6729
5995
6252
7431
5474
6794
5809
5361
6942
5257
6875
6352
5262
6850
4871
6440
6672
4884
7216
5478
5344
6628
5031
6526
5847
5426
6402
4963
6395
6211
5857
7278
5523
6475
6534
5073
7030
5837
5927
7046
5504
6786
5966
5631
6862
5188
6466
6105
5014
6077
4349
5299
5140
3786
5368
3531
3658
4385
3115
5043
4386
5136
6618
5223
7667
7257
6769
8644
7235
9181
9846
9905
12648
11493
12623
12534
9831
9971
7169
6624
6763
4777
6436
5313
4567
5726
4575
5985
5786
5733
6838
4927
6227
6044
5385
7091
5377
6346
6461
5328
7310
5914
6453
7362
5678
7272
6386
5863
7189
5863
7042
6934
6131
7301
5926
6942
7267
6211
8007
6620
6722
7410
6012
7700
6865
6797
7818
6396
7310
6236
6038
7120
5582
7046
6474
5447
6892
5154
6066
6238
4672
6210
4966
5373
5986
4653
6400
4951
4749
6248
4507
5859
5533
4895
6208
4366
5544
5767
4366
6078
4731
4975
5485
4066
5964
4386
4152
5656
3372
5077
4629
3790
5742
3760
4939
4900
3594
5694
3894
4714
5335
3580
5765
4320
4428
5745
3966
5451
4305
3840
5144
3279
5054
4996
3563
5420
3965
4353
4851
3804
5303
4040
4755
5198
3462
5093
3869
3942
5121
3485
5023
4099
3339
5000
3162
4333
4515
3328
4991
3439
4187
4872
3374
5036
3939
3752
4458
3357
4907
4179
4297
4816
3096
4603
3840
3951
5489
3482
4859
4541
3436
5262
3975
4985
5373
3775
5473
4032
4010
5519
3421
5063
5115
4148
5811
4529
5595
5422
4289
5781
4208
5145
5881
5157
6395
4980
5616
5775
4486
6179
4891
5017
6112
4188
5536
5247
4345
5652
4209
5188
5285
4414
6091
4240
5054
5733
4045
5804
4631
4933
5704
4621
6800
5920
6547
8559
7496
9228
9201
8199
8267
5912
5857
5083
3713
5251
3844
4147
4914
3375
5079
3697
3478
5033
2979
4706
4467
3458
5007
3019
4124
4813
3354
5209
4086
3921
4786
3609
5113
4282
4191
5487
3998
5064
4677
4280
5360
4061
5414
5092
4131
5923
4432
4905
5592
4402
5904
4905
5135
6008
4223
5757
4940
4291
5800
4025
5255
5291
4190
5499
4098
4591
4718
3815
4970
4048
4650
4717
3690
5095
3537
3833
5014
2998
4717
4018
3080
4561
2692
4239
4158
3517
5251
3283
4575
4184
3182
5383
3270
4371
5075
3200
5203
3922
3662
4934
3215
4607
4502
3933
5308
4064
4890
4649
3675
5108
3770
4594
4942
3732
5631
4014
4505
5716
3375
5305
4722
3809
5532
3894
4788
4660
3848
5322
3668
4401
4507
3530
5221
3951
4637
4762
3534
5337
3745
4399
5355
3148
4999
4077
3494
5204
3427
4469
4099
3211
4794
3375
4226
4458
3262
4616
3483
3961
4544
3347
4730
3491
3630
4506
2955
4908
4171
3271
5122
3571
4092
4317
3409
4786
3368
4293
5053
3167
5136
4372
3701
4639
3326
4519
3864
3923
5222
3556
4983
4664
3608
5302
3696
4466
5147
3489
5064
3896
3920
4868
3378
4777
3665
3747
4634
2677
4482
3780
3060
4704
2879
3936
3839
2299
4326
2747
3176
4536
2497
4261
3379
3065
4934
3416
5220
5492
5514
8097
7096
8172
8406
6474
6569
4392
4168
4175
2863
4197
3030
3149
3602
2016
3542
2459
2428
4011
2154
3675
3323
2151
4059
2073
2874
3824
2340
4054
2960
3200
3925
2421
4230
3154
3123
4382
2674
4422
3651
3071
4784
2787
3908
4105
3000
4796
3354
3930
4600
3208
4872
3740
4056
4870
2951
4849
4003
3435
4935
2946
4150
4011
3159
4797
3216
4267
4038
2861
5326
3572
4177
4949
2597
4402
3386
3140
4510
2675
4167
3638
3173
4719
2584
3933
3667
2039
4279
3060
3525
4208
2821
4014
2759
3134
4065
2394
3925
3319
2947
4308
2788
3756
3570
2871
4298
3004
3641
3701
2707
4332
3062
3663
4404
2512
4155
3451
3222
4493
3070
4217
3249
2546
4383
2553
3760
4373
2875
4676
3206
3472
4117
2624
4659
3507
3901
5079
3370
5010
3753
3969
5277
2844
4920
4617
3456
5789
4277
4999
5264
4106
5895
4226
4876
5969
4009
5868
5194
4780
6280
4816
5903
5554
5064
6137
4520
5825
5816
4922
6722
5333
5585
6195
5327
6426
5529
6042
6385
5085
6829
5990
5907
6993
5367
6454
6051
5517
6732
5613
6270
6067
5405
6418
5066
5762
6258
4841
6136
5546
5352
5845
4755
6156
5849
5517
6859
5369
5740
5958
4831
5939
4927
5434
5912
4578
5821
4478
4585
5280
3697
5536
4736
4069
5250
3371
4459
4230
3465
5124
3260
4462
4841
3174
5510
4150
4239
5732
4589
6886
6778
7294
9318
7510
8542
7492
5111
5121
2740
3513
3513
2427
4384
2851
2898
3377
2151
3916
2803
3041
4153
2150
3746
3485
3011
4106
2581
3925
3327
2591
4566
3215
3858
4007
2924
4143
3020
3712
4220
3146
4960
3656
3406
4428
2742
3941
3562
3471
4702
3199
4483
4066
3005
4533
3118
3699
4508
3445
4329
3750
3687
3850
2896
4171
3334
2737
3965
2532
3377
3091
2431
4241
2576
3279
3423
2183
3750
2403
3095
3717
2133
3366
2398
2650
3404
2011
3800
2693
1926
3621
1810
2991
2872
1810
3731
2066
2835
3512
1935
3113
2140
2653
3068
1795
3702
2599
2339
3576
1953
3284
2805
2200
3476
1756
2884
2872
2135
3859
2108
2945
3345
1436
3189
2280
2557
3515
1927
3740
2770
2235
3779
1928
3216
2932
1930
3606
1637
2609
3176
1392
3557
2307
2175
3699
1717
2945
2784
2133
3459
2139
3121
2993
1970
3321
1972
2649
3023
2343
3703
2127
2905
3200
1837
3676
2621
2839
3241
1599
3210
2089
1992
3581
1617
3013
3071
1978
3548
2207
2691
2819
1973
3473
2070
2940
3638
1700
3438
2444
2199
3482
1925
3453
2836
2190
3507
2131
3378
3122
2539
4178
2505
3144
3708
2199
3431
2560
2619
3366
1719
3172
2345
1630
3316
1656
2636
2892
1879
3031
1839
2604
2395
1263
3283
2033
2355
3821
3040
4781
4590
5062
5972
4582
5574
3879
2517
3008
927
1655
1693
951
2005
805
1426
1362
453
2176
754
1063
1790
447
2590
1610
1485
2655
507
2087
1841
1107
2878
1476
2026
1941
824
2288
1346
1937
2711
1185
2353
1759
1682
2676
1543
2669
1876
1661
2883
1284
2756
2736
1587
3090
1884
2318
2616
1599
2879
2013
2342
2761
1450
2552
1676
1882
3126
1707
2946
2464
1471
2572
1104
1987
2274
1522
2861
1391
2023
2739
1023
2338
1789
1348
2522
1199
2209
2051
1237
2703
1341
2234
2369
1272
2862
1203
1915
2725
1497
3019
1667
2203
2930
1371
3230
2101
1766
3073
1343
2782
2658
1998
3599
1652
2624
3344
1620
3401
2328
2197
3433
2301
3560
2727
2740
3473
1808
3406
2442
2087
3851
1763
3032
3181
2071
3515
2068
2736
2684
1731
3253
1769
2784
3538
1792
3360
2210
1957
3012
1621
3114
2399
1768
3334
1980
2678
2810
2066
3063
1908
2678
3136
1604
3195
2153
1851
3618
1826
3101
3089
1784
3587
2070
2549
3059
1359
2908
1905
1701
2673
1449
2435
1509
1377
2142
957
2470
1517
1312
2604
741
2274
2322
1505
3144
1815
2360
2480
1774
3708
3188
4212
4851
3680
5056
2856
2169
2802
188
1721
1119
372
2415
579
1480
1434
243
1970
702
1420
1803
465
2122
797
1011
1934
145
2108
1153
681
2564
653
1966
1929
1097
2375
717
1839
1971
925
2851
1617
1566
2247
996
2120
1458
1476
2415
1261
2344
1484
1403
2733
1089
2229
2090
1480
2929
1509
2374
2784
1358
2910
2049
1790
2893
1683
2386
2117
1470
2132
1599
2381
1714
1509
2592
958
1932
2045
943
2526
1060
1564
2080
521
2518
1273
1445
2639
456
2411
1680
882
2917
923
2042
2132
691
3549
3416
4145
5575
4629
5323
3722
4179
5085
3221
4874
4396
4245
4960
3341
5041
3908
2961
4844
3392
4204
4257
3057
4329
3016
3315
3909
2408
3657
2950
2870
4154
3195
4277
4027
4076
4905
3226
4587
4164
3092
5079
3601
3717
4045
2905
4293
3016
3634
4413
2188
3964
3297
2093
3801
2649
3112
3157
2634
3784
2545
3478
3355
2093
3566
1803
2390
3097
1525
3514
2499
2446
3738
2441
4214
3897
4119
6198
4571
5265
4296
2200
2860
1363
2713
2906
1775
3688
1814
2069
2983
1619
3376
2108
2092
3466
1620
3154
2740
1967
3331
1780
3074
3037
2085
3681
2028
2667
3120
1810
3378
2277
2362
3340
1815
3155
2681
2080
3444
2140
2999
3166
2510
3468
2188
3201
3301
2276
3938
2671
2790
3097
1645
3289
2159
1912
3680
1911
2694
2808
1669
2497
1405
2382
2708
1940
3184
1732
2325
2810
1432
3198
2499
2257
3432
2566
3280
2922
2777
3210
2002
3045
2849
2294
3448
2136
2594
2541
1576
2999
1363
1935
3080
1155
2783
2494
1997
2961
1899
3207
2603
2393
3558
1972
3413
3082
2337
4367
2780
3495
4007
2219
3777
2801
2715
4224
2625
3762
3288
2563
4016
2282
3288
3393
2600
3808
2191
3529
3629
2378
4680
3337
3242
4610
3178
4318
4082
3734
5002
4046
5401
5606
5130
6088
4544
5459
5787
4769
6492
5591
5059
5727
4767
5623
5303
5292
5929
4974
6230
5320
5001
6271
4700
6310
6907
6820
8928
7968
8744
8855
6836
7206
5487
5020
5426
4148
5880
5163
4369
5569
4001
5012
5191
4590
5583
4280
5217
5217
4646
5797
4408
5081
5178
4304
5906
4791
5038
5756
4297
5613
4633
4313
5809
3975
5306
5492
4175
5715
4700
5195
5642
4463
5430
4372
4751
5595
4612
6013
5194
4728
5426
4149
5508
5192
4748
6067
4446
5048
4972
3883
5320
4501
5183
5877
4191
5003
4146
3856
5177
4212
5368
4702
4060
5078
3382
4617
4341
3586
5101
3725
4500
4704
3745
4699
3797
4397
4614
3633
4979
3864
3948
5057
3554
4891
4470
3700
4947
3770
4520
4496
3750
4814
3772
4453
5095
3856
4761
4207
4050
4730
3953
4967
4440
4115
4945
3776
4653
4437
3881
5101
3942
4679
4897
3792
4896
3742
4130
4948
3609
4889
4074
3551
4582
3131
4445
4150
3361
4955
3131
3940
4432
3365
4751
3436
3882
4081
2942
4539
3807
4130
4456
3431
4850
3519
3762
5159
3458
4431
3725
3242
4509
2860
4231
4140
2766
4246
3048
3544
3854
2799
4169
2985
3021
3941
2546
3690
3179
2902
4450
2848
4387
5246
4089
6686
6669
6603
7317
5753
5450
3544
2832
3307
1633
2886
2617
1928
2938
1487
2331
1902
1404
2640
1085
2145
1948
1212
2652
1105
1943
2022
623
2417
1259
1610
2690
1022
2532
1585
1116
2725
922
2252
2140
897
2676
1242
1811
2349
1000
2348
1407
1806
2514
1060
2569
1844
1355
2530
1067
1835
1714
1143
2139
1044
1788
1422
470
2274
1164
1530
2774
1198
2087
1712
1543
2544
1207
2334
1759
1010
2076
658
1822
1605
795
2213
847
1649
2064
723
1906
779
941
1880
782
2172
1158
946
2158
157
1183
1038
208
1471
250
904
957
-45
1122
162
551
1312
505
1567
638
601
1110
-109
1250
558
317
1708
85
1047
1091
-48
1586
-62
482
1428
-403
1836
745
154
1895
-22
1106
821
287
1616
188
1624
1096
56
1755
-79
956
1312
180
1866
366
954
1401
97
1790
488
699
1837
246
2060
1770
1060
2417
892
1784
2025
1190
2556
1777
2019
2246
1685
2779
1549
1764
2579
1225
2318
2009
1664
2317
1110
1903
1812
1359
2507
1804
2532
2551
1460
2675
1702
2128
2923
1867
3267
1705
1646
2913
1186
2902
2303
1785
3078
1113
2517
2391
1292
2795
1329
2078
2375
1291
2958
1596
1586
2612
1014
2050
1834
1597
2437
1134
1930
1473
1067
2513
1360
2015
1996
824
1905
1042
1541
2069
1241
2288
1415
1761
2754
1468
2012
1539
901
1729
844
1701
1743
569
1634
348
385
985
171
1497
623
877
1230
-331
1032
145
175
1769
-6
1118
1150
272
2168
1631
3161
4300
3894
6048
4810
4696
4736
1707
2061
744
-37
1020
12
1008
108
-203
1020
-605
898
1204
-166
888
-194
423
825
-83
1384
-62
173
1267
-349
1554
1119
346
1879
185
679
914
648
1794
841
1790
1680
809
1810
1169
1621
1502
1080
2278
1170
1777
2368
766
1936
1470
1179
2271
1343
2218
1719
1261
2494
933
1888
2279
818
2507
1663
1597
2410
1089
2356
1982
1642
2386
1070
2025
1667
1169
2732
1107
1337
2005
602
1493
1468
2102
2136
1340
2992
1192
1161
2455
865
2506
2118
1890
2740
924
2480
2180
1283
2826
1378
2303
2610
1504
2959
