-0.06
-0.065
-0.06
-0.075
-0.065
-0.07
-0.07
-0.09
-0.08
-0.095
-0.08
-0.095
-0.08
-0.095
-0.085
-0.09
-0.09
-0.1
-0.085
-0.105
-0.09
-0.045
0.005
0.015
0.045
0.155
0.14
0.045
0.005
-0.04
-0.085
-0.2
-0.195
-0.2
-0.2
-0.24
-0.13
0.34
1.155
1.47
-0.155
-0.825
-0.59
-0.35
-0.155
-0.17
-0.14
-0.155
-0.115
-0.125
-0.09
-0.095
-0.065
-0.055
-0.015
-0.005
0.035
0.045
0.09
0.11
0.15
0.18
0.205
0.225
0.23
0.22
0.235
0.23
0.2
0.17
0.12
0.075
0.04
0.02
0.005
-0.005
-0.005
-0.01
-0.015
-0.01
0
-0.005
-0.02
-0.02
-0.015
-0.025
-0.035
-0.045
-0.045
-0.06
-0.065
-0.07
-0.055
-0.06
-0.08
-0.075
-0.09
-0.065
-0.075
-0.08
-0.08
-0.085
-0.09
-0.075
-0.085
-0.095
-0.105
-0.09
-0.095
-0.07
-0.045
0.005
0.03
0.07
0.195
0.145
0.05
-0.015
-0.025
-0.115
-0.18
-0.19
-0.185
-0.185
-0.215
0.01
0.575
1.185
0.96
-0.16
-0.74
-0.64
-0.35
-0.175
-0.145
-0.15
-0.145
-0.105
-0.12
-0.09
-0.085
-0.07
-0.04
-0.02
0.005
0.02
0.045
0.08
0.115
0.14
0.165
0.21
0.19
0.22
0.21
0.215
0.215
0.16
0.135
0.1
0.05
0.035
-0.005
0.005
-0.005
-0.015
-0.02
-0.01
0
-0.02
-0.005
-0.04
-0.035
-0.05
-0.04
-0.055
-0.075
-0.05
-0.075
-0.09
-0.08
-0.09
-0.08
-0.075
-0.085
-0.085
-0.095
-0.095
-0.105
-0.08
-0.115
-0.1
-0.095
-0.1
-0.075
-0.005
0.01
0.055
0.185
0.145
0.075
-0.005
-0.025
-0.11
-0.175
-0.18
-0.22
-0.175
-0.24
-0.03
0.53
1.21
1.22
-0.105
-0.795
-0.69
-0.375
-0.165
-0.155
-0.135
-0.15
-0.12
-0.12
-0.09
-0.095
-0.05
-0.05
-0.01
-0.005
0.03
0.08
0.075
0.145
0.155
0.2
0.2
0.24
0.235
0.245
0.245
0.215
0.18
0.15
0.09
0.035
0.025
0
-0.015
-0.03
0
-0.02
-0.005
-0.025
-0.03
-0.015
-0.01
-0.035
-0.04
-0.05
-0.045
-0.04
-0.075
-0.065
-0.095
-0.085
-0.085
-0.09
-0.1
-0.1
-0.08
-0.105
-0.105
-0.1
-0.105
-0.095
-0.1
-0.09
-0.035
0.01
0.035
0.07
0.19
0.125
0.045
-0.035
-0.06
-0.155
-0.21
-0.225
-0.2
-0.215
-0.265
0.07
0.865
1.495
0.625
-0.44
-0.815
-0.6
-0.31
-0.175
-0.18
-0.165
-0.135
-0.135
-0.115
-0.105
-0.085
-0.06
-0.03
-0.02
0.015
0.05
0.07
0.105
0.165
0.2
0.205
0.235
0.235
0.265
0.26
0.235
0.215
0.17
0.125
0.09
0.025
-0.015
-0.03
-0.035
-0.04
-0.04
-0.035
-0.04
-0.02
-0.04
-0.04
-0.03
-0.045
-0.065
-0.06
-0.06
-0.09
-0.08
-0.095
-0.085
-0.105
-0.09
-0.1
-0.105
-0.115
-0.1
-0.115
-0.11
-0.135
-0.095
-0.125
-0.105
-0.085
-0.015
0.02
0.03
0.135
0.16
0.105
0.03
-0.05
-0.05
-0.17
-0.205
-0.215
-0.175
-0.21
-0.215
0.175
1.09
1.7
0.335
-0.615
-0.705
-0.46
-0.175
-0.165
-0.145
-0.155
-0.115
-0.12
-0.105
-0.105
-0.085
-0.06
-0.015
-0.005
0.02
0.05
0.08
0.105
0.18
0.205
0.24
0.235
0.27
0.27
0.28
0.26
0.23
0.175
0.135
0.09
0.045
0
-0.005
-0.025
-0.025
-0.025
-0.02
0
-0.005
-0.005
-0.005
-0.005
-0.01
-0.025
-0.02
-0.04
-0.04
-0.04
-0.05
-0.06
-0.05
-0.065
-0.06
-0.07
-0.06
-0.09
-0.08
-0.095
-0.085
-0.1
-0.09
-0.095
-0.085
-0.1
-0.075
-0.095
-0.08
-0.075
0
0.03
0.035
0.135
0.145
0.07
0.015
-0.045
-0.055
-0.185
-0.19
-0.22
-0.18
-0.21
-0.185
0.22
1.15
1.72
0.155
-0.7
-0.66
-0.405
-0.15
-0.16
-0.135
-0.145
-0.12
-0.125
-0.09
-0.09
-0.055
-0.04
-0.015
0
0.03
0.05
0.095
0.11
0.165
0.19
0.23
0.245
0.255
0.255
0.265
0.255
0.23
0.185
0.145
0.1
0.06
0.025
0.025
0.01
0.01
0.01
0.015
0.01
0.025
0.02
0.02
0.02
0.015
0
0
-0.01
-0.015
-0.02
-0.03
-0.035
-0.035
-0.045
-0.04
-0.045
-0.045
-0.055
-0.045
-0.055
-0.045
-0.06
-0.05
-0.06
-0.055
-0.08
-0.065
-0.09
-0.075
-0.09
-0.07
-0.075
-0.065
-0.08
-0.065
-0.03
0.025
0.04
0.065
0.18
0.145
0.055
0.015
-0.035
-0.06
-0.175
-0.17
-0.195
-0.175
-0.22
-0.115
0.355
1.24
1.595
-0.115
-0.815
-0.565
-0.3
-0.13
-0.16
-0.13
-0.135
-0.11
-0.12
-0.09
-0.085
-0.055
-0.04
-0.005
0
0.04
0.05
0.095
0.125
0.17
0.19
0.22
0.23
0.245
0.25
0.26
0.24
0.22
0.175
0.135
0.085
0.055
0.02
0.015
0.01
0.01
0
0
0
0.01
0.005
0.02
0.01
0
-0.01
-0.015
-0.02
-0.02
-0.025
-0.035
-0.03
-0.045
-0.05
-0.05
-0.055
-0.065
-0.065
-0.06
-0.065
-0.07
-0.06
-0.06
-0.055
-0.06
-0.065
-0.08
-0.065
-0.08
-0.065
-0.075
-0.07
-0.085
-0.07
-0.085
-0.075
-0.085
-0.06
-0.045
0.02
0.04
0.055
0.18
0.155
0.06
0.02
-0.025
-0.055
-0.18
-0.16
-0.17
-0.165
-0.195
-0.1
0.35
1.115
1.495
-0.04
-0.73
-0.62
-0.365
-0.13
-0.15
-0.135
-0.15
-0.12
-0.13
-0.105
-0.09
-0.055
-0.06
-0.035
-0.015
0.02
0.045
0.065
0.095
0.145
0.18
0.215
0.2
0.225
0.235
0.245
0.235
0.225
0.175
0.13
0.09
0.05
0.035
0.015
0.005
0
-0.005
0
0
0
0
-0.005
-0.005
-0.02
-0.02
-0.04
-0.05
-0.06
-0.06
-0.06
-0.07
-0.065
-0.075
-0.07
-0.065
-0.075
-0.075
-0.075
-0.09
-0.075
-0.085
-0.08
-0.09
-0.075
-0.09
-0.08
-0.09
-0.08
-0.1
-0.085
-0.1
-0.075
-0.085
-0.09
-0.075
-0.015
0.025
0.055
0.155
0.16
0.095
0.015
-0.035
-0.05
-0.175
-0.17
-0.19
-0.175
-0.2
-0.105
0.335
1.095
1.47
0.065
-0.66
-0.69
-0.44
-0.185
-0.16
-0.135
-0.135
-0.115
-0.115
-0.11
-0.095
-0.055
-0.05
-0.015
-0.005
0.045
0.05
0.095
0.12
0.165
0.185
0.21
0.225
0.245
0.24
0.24
0.235
0.21
0.165
0.125
0.07
0.045
0.01
0.02
0.005
0
0
0
0
0
-0.005
-0.01
-0.005
-0.025
-0.005
-0.04
-0.04
-0.045
-0.045
-0.04
-0.055
-0.065
-0.05
-0.065
-0.065
-0.065
-0.065
-0.07
-0.065
-0.07
-0.065
-0.07
-0.07
-0.085
-0.06
-0.09
-0.065
-0.085
-0.08
-0.085
-0.05
-0.09
-0.075
-0.055
0.005
0.055
0.06
0.16
0.155
0.08
0.015
-0.02
-0.045
-0.17
-0.17
-0.175
-0.16
-0.2
-0.105
0.36
1.16
1.55
0.07
-0.69
-0.66
-0.41
-0.155
-0.155
-0.135
-0.135
-0.105
-0.11
-0.085
-0.09
-0.065
-0.045
-0.005
0
0.04
0.065
0.1
0.12
0.175
0.19
0.23
0.255
0.27
0.265
0.275
0.245
0.215
0.175
0.14
0.095
0.04
0.025
0.015
0
0
0
0
0
0
0
0
-0.005
-0.01
-0.01
-0.015
-0.03
-0.035
-0.045
-0.045
-0.05
-0.045
-0.065
-0.07
-0.075
-0.07
-0.09
-0.085
-0.09
-0.07
-0.085
-0.085
-0.095
-0.085
-0.09
-0.085
-0.09
-0.09
-0.1
-0.09
-0.105
-0.09
-0.1
-0.085
-0.055
0
0.035
0.05
0.17
0.135
0.06
0.01
-0.035
-0.075
-0.19
-0.185
-0.205
-0.18
-0.225
-0.11
0.38
1.215
1.545
-0.025
-0.765
-0.62
-0.37
-0.155
-0.17
-0.145
-0.16
-0.13
-0.145
-0.125
-0.12
-0.08
-0.065
-0.035
-0.02
0.01
0.035
0.08
0.105
0.155
0.18
0.22
0.225
0.24
0.235
0.245
0.225
0.2
0.155
0.115
0.075
0.05
0.02
0
-0.01
-0.015
-0.01
-0.01
-0.005
0
0
0
0
0
-0.005
-0.01
-0.02
-0.025
-0.035
-0.045
-0.055
-0.055
-0.06
-0.06
-0.06
-0.055
-0.055
-0.055
-0.065
-0.06
-0.055
-0.045
-0.055
-0.055
-0.055
-0.055
-0.075
-0.065
-0.08
-0.065
-0.08
-0.075
-0.09
-0.085
-0.105
-0.09
-0.11
-0.095
-0.11
-0.1
-0.085
-0.025
0.01
0.01
0.1
0.135
0.075
0
-0.05
-0.045
-0.175
-0.195
-0.205
-0.19
-0.205
-0.22
0.145
1.025
1.605
0.24
-0.625
-0.665
-0.425
-0.18
-0.185
-0.175
-0.175
-0.15
-0.15
-0.12
-0.12
-0.09
-0.08
-0.045
-0.025
0
0.02
0.06
0.08
0.13
0.16
0.185
0.195
0.21
0.21
0.22
0.215
0.195
0.17
0.135
0.085
0.045
0.015
-0.005
-0.015
-0.015
-0.015
-0.005
-0.005
0
0
0.015
0.01
0