-0.0000033
-0.00078596
-0.014439532
-0.069322956
-0.13503911
-0.13201194
-0.11715203
-0.18003200
-0.19047511
-0.10920432
-0.13844322
-0.19834918
-0.13094547
-0.11181862
-0.16375960
-0.12906328
-0.081185970
-0.13302296
-0.14731326
-0.085074928
-0.12197774
-0.16608456
-0.097208259
-0.096486570
-0.16828947
-0.11396420
-0.071978703
-0.16063445
-0.14683853
-0.048945269
-0.083338871
-0.11157957
0.011666556
0.050128283
0.017387073
0.087600548
0.099052139
0.033043347
0.055315045
0.11766584
0.075125593
0.00092971492
-0.0066405339
-0.016547485
-0.039243003
-0.0017630635
0.001.4236055
-0.11668930
-0.15701093
-0.097203203
-0.16522855
-0.22373735
-0.13686709
-0.13927747
-0.19477036
-0.13843286
-0.10777381
-0.16704059
-0.15722233
-0.15077618
-0.25346719
-0.21894349
0.12456257
6.3317673
1.3865453
2.3380420
2.7069908
2.1455424
1.0973066
0.19960563
-0.47019483
-0.91259291
-0.88259416
-0.76069787
-0.71553953
-0.51540355
-0.31009605
-0.21767389
-0.10916550
0.017239325
0.0096990340
-0.027035318
0.059992723
0.051329421
-0.013513053
0.060046549
0.09253760
0.02649331
0.048625523
0.11683401
0.068182036
0.016883900
0.077781528
0.090675663
0.046845884
0.092565563
0.13617769
0.10996648
0.13734174
0.20042837
0.19478197
0.19395327
0.28778820
0.34439702
0.35287765
0.45450983
0.54366253
0.52054991
0.58460280
0.70122501
0.66845115
0.64715888
0.71880307
0.70188141
0.63048029
0.64334583
0.64997866
0.53268278
0.45989872
0.44726950
0.31588643
0.22536013
0.24679969
0.16226973
0.066742951
0.089265277
0.051447959
-0.039128490
-0.033114073
0.0094851496
-0.042011453
-0.087359086
-0.023038617
-0.041010650
-0.11772315
-0.048924937
0.024540121
-0.032790678
-0.014449560
0.061947630
0.0082053814
-0.0070832706
0.065124455
0.028442880
-0.021473525
0.046645859
0.081147514
0.0.0137943
0.047106474
0.092003735
0.044317641
0.032911568
0.10128336
0.070823163
0.0050882301
0.068355337
0.099559788
-0.014165650
-0.023898911
0.051196392
-0.014321392
-0.062792319
-0.0013898034
-0.036905267
-0.11456283
-0.063755309
-0.045639769
-0.11563964
-0.092986696
-0.030640012
-0.079112293
-0.11022184
-0.034344235
-0.049514476
-0.11137174
-0.054787087
-0.044068234
-0.11910863
-0.10241803
-0.050699398
-0.092036280
-0.12070584
-0.054307330
-0.057365130
-0.12776404
-0.077078331
-0.02.3700820
-0.07.3566944
-0.03.3260361
0.058477886
0.044542661
0.050075556
0.10944705
0.080694464
0.0064857837
0.067214055
0.10798369
-0.017438089 
-0.057941048 
0.020716959  
-0.0062906124  
-0.042405356   
0.014981229  
-0.073851500 
-0.18834255 
-0.11559211  
-0.13121774 
-0.23845439  
-0.17516487  
-0.11997934  
-0.19370181  
-0.19145090  
-0.12565306  
-0.16387855  
-0.23220222  
-0.23676478  
-0.24837187  
-0.22316450   
0.078219528   
0.72450607   
1.5164594  
2.3266114  
2.6655045  
2.0782813   
0.95898872   
0.095603324 
-0.52735671  
-0.93437797  
-0.88097446 
-0.72702319  
-0.66798206  
-0.51459350 
-0.27003957  
-0.12666675 
-0.10590684  
-0.030570322   
0.0029098812  
-0.054429363  
-0.00063053969   
0.0068634088  
0.018086147
0.0039736122   
0.068579789   
0.040354136 
-0.010892122   
0.064584052   
0.083099837   
0.013035583   
0.063090750   
0.13222556   
0.073855545   
0.079899960  
0.19079995  
0.16866971
0.12118905
0.22851757
0.28290486
0.25064299
0.34475735
0.44249316
0.40143415
0.44058080
0.56653251 
0.58686952   
0.60854945   
0.71791865   
0.74338134   
0.67978575   
0.71174403   
0.76097489   
0.69171892   
0.64662853   
0.67084796  
0.57610132   
0.46218817   
0.44921089  
0.37282486   
0.26162414  
0.24823626   
0.22040494   
0.11343175   
0.077569684  
0.11845403  
0.063800066   
0.0017387239   
0.038777495   
0.013398789 
-0.060141181
-0.022316915
0.042776473  
-0.016786072
-0.031728596   
0.052162369   
0.0072967854  
-0.046413812   
0.054937488   
0.078679378   
0.017587025   
0.068103530   
0.12168568  
0.063904615   
0.052399657   
0.11370232   
7.7316719e-02   
1.5871595e-02   
6.6643701e-02   
8.5568187e-02   
1.2565486e-02   
2.5965559e-02   
6.6806254e-02   
1.0030945e-02   
7.6010750e-03   
7.1627424e-02   
2.4779849e-02  
-2.1882055e-02   
3.6852933e-02   
2.8559025e-02  
-2.7833610e-02   
1.5803928e-02   
6.1052474e-02  
-1.3574445e-02  
-4.6073628e-02   
2.0021388e-02  
-1.4208463e-02  
-6.7204933e-02  
-5.3998851e-03  
-1.3312049e-02  
-9.0497963e-02  
-4.5196644e-02   
8.9881567e-03  
-5.5724674e-02  
-7.6012974e-02  
-3.0713190e-02  
-6.9115071e-02  
-8.8402796e-02  
-6.8417535e-03  
-1.2660458e-02  
-7.8913412e-02  
-3.8100185e-02  
-6.1925685e-03  
-8.4322295e-02  
-9.1404740e-02  
-1.0147031e-02  
-4.9592472e-02  
-9.7445922e-02  
-5.4169922e-03   
1.0388584e-03  
-6.9423267e-02   
2.7595671e-02   
0.10496244   
4.5810357e-02   
8.2850980e-02   
0.15124185   
8.4348708e-02   
5.6772343e-02   
0.13154742   
0.12266929   
4.0258835e-02   
3.9565531e-02   
8.4888036e-02   
3.6304062e-02   
2.6590498e-03   
5.8751767e-02  
-2.6712211e-02  
-0.14143264  
-6.0276941e-02  
-7.6816391e-02  
-0.18710245  
-0.11384863  
-6.9810993e-02  
-0.15820043  
-0.14873339  
-9.8951055e-02  
-0.15027992  
-0.18823126  
-0.16517198  
-0.20242936  
-0.20743352   
8.7135076e-02   
0.67861085   
1.4241762  
2.2876095  
2.7079319  
2.2142430  
1.1544965   
0.24056248  
-0.40815230  
-0.86364252
-0.87013522  
-0.73356730  
-0.68241180 
-0.52614256  
-0.31036587 
-0.15295822  
-0.073842239 
-8.8588119e-03  
-6.0033773e-04  
-6.0416621e-02  
-4.2803271e-03   
5.4869351e-02  
-1.6976452e-02  
-1.8760423e-02   
5.1141257e-02   
2.8489035e-02  
-1.7842349e-02   
3.0374667e-02   
4.7415515e-02  
-3.8263494e-03   
4.9737715e-02   
0.11120000  
5.8492575e-02   
8.0003418e-02   
0.15832832e-01   
0.10645467  
9.0093252e-02   
0.20216651  
0.22624189  
0.19054985   
0.26583402   
0.35669829   
0.34856599   
0.40353519   
0.54238683   
0.55928106   
0.56470535   
0.67857175   
0.69774233   
0.63274181   
0.69033785   
0.72215711   
0.62543214   
0.60652149   
0.62541378   
0.52529178  
0.42171343   
0.39590868 
0.33772261   
0.22153519  
0.19753346   
0.19567724   
7.2111057e-02   
2.7548508e-02   
6.7620329e-02   
1.6553552e-03  
-5.3112567e-02  
-6.0532387e-03  
-2.8369639e-02  
-0.11778185  
-7.5564632e-02  
-1.5196337e-02  
-6.6723973e-02  
-6.6091788e-02  
-2.1030774e-02  
-8.9067014e-02  
-0.11515602  
-3.5760982e-02  
-5.1150116e-02  
-0.11889163  
-5.3581858e-02  
-5.9075902e-04  
-6.6456336e-02  
-4.9031953e-02   
1.3915822e-02  
-4.4127761e-02  
-8.9186575e-02  
-2.5045865e-02  
-7.5224875e-03  
-7.8667795e-02  
-7.6077746e-02  
-5.3426540e-02  
-0.11638036  
-0.12052591  
-6.9616099e-02  
-0.11929011  
-0.15516541  
-8.7821146e-02